0, -109.9, 133
1, 37.0, 200
0, -83.2, 181
1, -109.3, 38
2, -86.2, 70
3, -84.0, 180
4, -84.6, 78
5, -97.7, 47
6, -110.9, 110
7, -117.8, 99
8, -98.3, 41
0, -97.75, 46
1, -97.75, 46
2, -102.25, 160
3, -110.7, 108
4, 37.45, 200
5, -85.5, 177
6, -86.2, 70
7, -83.2, 85
8, -110.6, 107
9, -110.2, 103
10, -110.5, 106
11, 25.3, 200
12, 16.75, 200
13, -104.0, 41
14, -97.5, 51
15, -103.7, 38
16, -97.65, 48
17, 33.1, 200
18, -111.3, 114
19, -107.4, 39
20, -110.9, 110
21, -87.6, 63
22, -103.9, 40
23, -83.6, 179
24, -97.85, 44
25, -97.35, 54
26, -106.9, 136
27, -82.2, 182
28, -88.9, 196
29, -103.7, 38
30, -100.7, 41
31, 18.7, 200
32, -86.6, 68
33, -97.8, 45
34, -97.7, 47
35, 37.75, 200
36, 25.0, 200
37, 29.8, 200
38, -111.6, 117
39, -97.85, 44
40, -104.0, 41
41, 33.25, 200
42, 25.9, 200
43, -97.4, 53
44, -97.75, 46
45, -103.8, 39
46, -93.25, 55
47, -97.9, 43
48, -104.3, 40
49, 32.8, 200
50, -97.8, 45
51, 24.7, 200
52, -85.2, 75
53, -111.2, 113
54, -110.6, 107
55, -104.7, 40
56, -103.8, 39
57, -104.4, 147
58, 21.55, 200
59, 25.75, 200
60, -110.7, 108
61, -82.6, 186
62, -111.0, 111
63, -97.75, 46
64, -95.1, 180
65, -103.9, 40
66, 18.7, 200
67, -97.7, 47
68, -103.7, 38
69, -82.8, 183
70, -106.6, 39
71, -88.6, 58
72, 19.9, 200
73, -71.85, 198
74, -82.9, 182
75, 24.1, 200
76, -84.4, 178
77, -105.25, 145
78, -97.8, 45
79, -97.35, 54
80, -103.9, 40
81, 31.6, 200
82, -103.9, 40
83, -86.6, 179
84, 23.5, 200
85, -119.3, 98
86, -111.5, 116
87, -83.0, 181
88, -111.3, 114
89, -103.9, 40
90, 19.75, 200
91, -110.4, 105
92, -93.7, 184
93, -103.9, 40
94, -85.4, 176
95, -86.2, 70
96, -105.3, 38
97, -107.55, 135
98, -103.9, 40
99, -102.3, 159
100, -112.3, 124
101, -110.7, 108
102, -86.6, 176
103, -97.75, 46
104, -103.6, 40
105, -112.3, 124
106, -105.0, 39
107, -86.95, 196
108, -97.85, 44
109, -103.9, 40
110, -108.2, 39
111, -90.0, 57
112, -103.9, 40
113, -82.8, 185
114, 34.0, 200
115, -103.9, 40
116, 18.25, 200
117, -111.4, 115
118, 24.25, 200
119, -103.9, 40
120, -87.2, 65
121, -97.9, 43
122, 21.7, 200
123, -110.0, 101
124, -107.4, 39
125, -97.65, 48
126, -85.4, 200
127, 21.55, 200
128, -88.2, 60
129, -110.7, 108
130, 19.15, 200
131, 19.3, 200
132, -111.6, 117
133, -103.8, 39
134, -86.6, 68
135, -111.7, 118
136, -83.6, 83
137, -97.3, 55
138, -87.8, 62
139, -103.9, 40
140, -110.5, 106
141, -84.6, 177
142, -110.6, 107
143, -103.7, 38
144, -111.65, 128
145, -111.9, 120
146, -110.2, 103
147, -97.7, 47
148, -111.6, 117
149, 20.5, 200
150, -105.15, 147
151, -110.3, 104
152, 32.8, 200
153, -102.5, 158
154, -92.3, 188
155, 37.0, 200
156, -110.1, 102
157, -97.7, 47
158, -75.45, 180
159, -119.8, 99
160, -86.8, 67
161, -106.55, 137
162, -97.7, 47
163, -111.4, 39
164, 17.2, 200
165, -97.7, 47
166, -103.3, 40
167, 26.8, 200
168, 37.6, 200
169, -103.9, 40
170, -111.0, 111
171, 24.7, 200
172, -103.05, 156
173, -112.2, 123
174, -97.75, 46
175, 23.05, 200
176, -84.6, 177
177, -101.4, 42
178, -110.5, 106
179, 18.85, 200
180, 25.3, 200
181, -97.35, 54
182, 27.7, 200
183, 17.95, 200
184, 19.9, 200
185, -110.9, 110
186, -112.2, 123
187, -83.8, 178
188, -88.2, 60
189, -105.3, 38
190, -110.1, 102
191, -97.55, 50
192, 25.9, 200
193, -104.45, 149
194, -110.3, 104
195, -110.2, 103
196, -97.9, 172
197, -111.9, 120
198, -106.25, 140
199, -97.8, 45
200, -103.8, 39
201, -105.7, 38
202, -85.2, 75
203, 25.9, 200
204, -103.85, 152
205, -84.0, 177
206, -111.4, 115
207, -97.7, 47
208, -111.2, 113
209, 19.15, 200
210, -86.0, 71
211, 26.35, 200
212, 25.6, 200
213, -111.2, 113
214, -88.2, 60
215, -85.4, 200
216, -86.2, 70
217, -110.75, 131
218, 24.25, 200
219, -105.75, 144
220, -97.75, 46
221, -103.9, 40
222, -92.6, 56
223, -97.85, 44
224, -103.9, 40
225, 23.05, 200
226, 37.0, 200
227, -96.15, 174
228, -86.6, 197
229, 33.1, 200
230, -89.5, 58
231, 23.05, 200
232, -103.85, 152
233, -97.65, 48
234, -111.4, 39
235, -97.75, 46
236, 33.1, 200
237, -97.25, 56
238, 16.9, 200
239, -92.3, 191
240, -107.2, 139
241, -73.8, 189
242, -112.4, 125
243, 28.15, 200
244, -83.6, 179
245, -106.9, 139
246, -108.25, 133
247, -119.3, 98
248, -97.7, 47
249, 21.4, 200
250, -88.5, 195
251, -97.3, 55
252, -97.75, 46
253, -98.2, 169
254, -104.0, 41
255, -83.0, 86
256, -90.5, 194
257, -111.4, 39
258, -90.75, 195
259, -110.2, 103
260, 25.6, 200
261, -111.65, 128
262, -111.3, 114
263, -105.85, 142
264, -85.7, 200
265, -97.4, 53
266, 32.95, 200
267, -106.95, 138
268, -75.35, 179
269, -111.3, 114
270, -105.0, 39
271, -95.45, 179
272, -103.65, 39
273, 29.65, 200
274, -110.1, 102
275, -85.45, 199
276, -97.45, 52
277, -104.0, 41
278, -111.3, 38
279, 21.55, 200
280, -97.9, 43
281, 25.15, 200
282, -112.2, 99
283, -96.9, 174
284, -101.3, 161
285, 34.0, 200
286, 21.55, 200
287, 22.75, 200
288, -97.55, 50
289, -110.3, 104
290, -86.8, 67
291, -97.55, 50
292, -111.1, 112
293, 18.7, 200
294, -90.5, 194
295, -95.8, 55
296, -95.3, 179
297, -102.05, 158
298, -97.8, 45
299, -108.1, 133
300, -98.25, 171
0, -97.85, 44
1, -110.1, 102
2, -88.2, 60
3, -110.5, 106
4, -84.6, 78
5, -106.3, 139
6, -112.4, 125
7, 25.6, 200
8, -98.25, 42
9, -101.25, 162
10, -97.65, 48
11, -104.3, 40
12, -110.9, 38
13, -104.0, 41
14, -97.75, 46
15, 16.6, 200
16, 34.75, 200
17, 22.6, 200
18, -111.6, 101
19, -104.1, 42
20, -115.3, 98
21, -101.25, 165
22, 17.35, 200
23, -85.8, 72
24, -83.3, 183
25, -96.8, 53
26, -107.05, 139
27, -111.3, 114
28, -105.8, 39
29, -87.05, 197
30, 17.95, 200
31, -110.4, 105
32, -104.0, 41
33, -97.75, 46
34, -104.7, 40
35, 23.05, 200
36, 36.85, 200
37, -98.25, 42
38, 30.25, 200
39, -97.5, 51
40, -74.9, 176
41, -101.25, 162
42, -82.6, 186
43, 14.5, 200
44, 18.25, 200
45, -110.7, 108
46, -109.9, 100
47, -101.15, 164
48, -88.0, 61
49, 25.3, 200
50, -103.8, 39
51, -87.4, 64
52, -110.3, 131
53, -97.9, 43
54, -113.0, 99
55, -110.5, 106
56, -85.2, 75
57, -97.9, 43
58, -111.1, 112
59, -85.6, 175
60, -112.5, 126
61, 32.95, 200
62, -86.6, 68
63, -86.2, 70
64, 25.6, 200
65, -111.2, 113
66, -111.2, 113
67, -111.9, 120
68, 24.85, 200
69, -82.9, 181
70, -109.4, 39
71, -111.4, 115
72, -98.25, 42
73, -97.85, 44
74, -90.3, 57
75, -82.8, 185
76, -97.55, 50
77, -114.1, 98
78, 23.65, 200
79, -87.6, 63
80, -111.8, 119
81, 18.85, 200
82, -86.8, 67
83, -97.95, 42
84, -97.5, 51
85, -110.3, 104
86, -99.6, 165
87, -98.95, 43
88, -97.45, 52
89, 19.3, 200
90, 21.4, 200
91, -110.7, 108
92, -115.3, 98
93, 19.15, 200
94, 25.75, 200
95, -115.9, 100
96, 23.65, 200
97, -97.5, 51
98, -110.2, 103
99, -96.3, 54
100, -110.5, 106
101, -85.55, 200
102, -97.85, 44
103, -110.95, 130
104, -97.85, 44
105, -97.75, 46
106, -103.9, 40
107, -102.9, 156
108, -85.4, 179
109, -97.9, 43
110, 33.85, 200
111, 25.0, 200
0, -101.5, 163
1, -103.75, 151
2, -110.45, 131
3, 30.25, 200
4, -111.3, 114
5, -83.2, 181
6, -96.9, 54
7, -82.6, 181
8, -103.65, 150
9, -111.8, 119
10, -85.7, 200
11, -98.65, 40
12, -111.5, 116
13, -110.1, 102
14, -96.45, 177
15, -93.0, 192
16, 22.45, 200
17, -103.9, 40
18, -97.75, 46
19, -84.4, 79
20, -88.3, 196
21, -97.8, 45
22, -103.9, 40
23, -89.35, 58
24, -111.9, 120
25, 30.85, 200
26, -110.2, 103
27, -112.7, 100
28, -110.3, 104
29, -114.3, 100
30, -97.7, 47
31, -97.95, 42
32, 25.15, 200
33, -75.65, 182
34, -101.15, 164
35, -84.2, 179
36, 19.3, 200
37, -106.5, 38
38, -110.8, 109
39, -111.6, 117
40, -114.1, 98
41, -103.8, 39
42, -97.7, 47
43, -87.4, 64
44, -116.9, 98
45, 26.65, 200
46, -117.3, 98
47, -103.15, 154
48, -88.4, 59
49, -97.65, 48
50, -97.7, 47
51, -83.4, 182
52, -97.95, 42
53, -97.85, 44
54, -104.35, 148
55, -96.9, 54
56, 23.65, 200
57, -105.7, 38
58, -97.6, 49
59, -98.95, 40
60, -97.75, 46
61, -111.6, 117
62, -110.1, 102
63, -72.65, 194
64, -82.6, 181
65, 21.7, 200
66, -111.1, 112
67, 26.2, 200
68, -86.0, 176
69, -97.9, 43
70, -82.8, 185
71, -99.9, 42
72, -110.1, 102
73, -102.25, 157
74, 33.85, 200
75, -97.85, 44
76, -110.5, 106
77, -104.9, 38
78, -110.5, 106
79, -75.35, 179
80, -112.3, 100
81, -82.9, 181
82, -103.0, 154
83, -75.3, 177
84, -110.0, 101
85, -97.65, 48
86, -109.7, 131
87, -103.9, 40
88, -97.9, 43
89, -110.2, 103
90, -97.7, 47
91, -97.45, 52
92, 26.05, 200
93, -97.8, 45
94, 19.9, 200
95, -110.9, 110
96, -114.3, 100
97, -83.0, 181
98, -82.8, 182
99, -103.9, 40
100, -110.7, 108
101, -110.1, 102
102, -110.1, 102
103, -110.35, 130
104, -88.8, 57
105, -86.4, 198
106, -88.2, 60
107, -83.4, 180
108, -110.35, 130
109, 25.75, 200
110, -103.9, 40
111, -110.1, 102
112, -97.75, 46
113, -89.75, 197
114, 17.95, 200
115, -82.6, 182
116, -110.4, 105
117, 21.25, 200
118, -92.2, 55
119, 22.6, 200
