0, -109.3
1, -106.9
2, -107.8
3, -106.3
4, -108.4
5, -107.2
6, -107.2
7, -106.9
8, -109.0
9, -106.3
10, -108.7
11, -108.4
12, -107.2
13, -107.8
14, -107.8
15, -108.7
16, -107.5
17, -107.2
18, -106.9
19, -107.2
20, -106.3
21, -107.2
22, -107.2
23, -107.2
24, -106.9
25, -107.2
26, -106.9
27, -107.2
28, -108.7
29, -107.2
30, -108.1
31, -107.2
32, -107.8
33, -104.5
34, -107.8
35, -107.2
36, -108.4
37, -107.2
38, -106.6
39, -106.9
40, -108.4
41, -106.9
42, -108.7
43, -106.9
44, -107.5
45, -107.2
46, -107.2
47, -106.6
48, -108.4
49, -108.7
50, -108.1
51, -107.2
52, -107.2
53, -107.8
54, -106.6
55, -108.4
56, -108.4
57, -106.9
58, -108.4
59, -107.8
60, -107.2
61, -106.6
62, -106.9
63, -107.2
64, -107.2
65, -106.6
66, -108.4
67, -106.9
68, -106.3
69, -106.3
70, -107.2
71, -107.5
72, -107.5
73, -107.2
74, -108.1
75, -107.5
76, -106.9
77, -106.9
78, -108.4
79, -106.9
80, -108.4
81, -109.3
82, -107.2
83, -106.9
84, -106.9
85, -106.3
86, -107.2
87, -107.2
88, -106.6
89, -106.9
90, -107.2
91, -107.2
92, -106.9
93, -106.9
94, -107.5
95, -106.9
96, -107.2
97, -108.1
98, -106.9
99, -107.5
100, -106.3
101, -106.6
102, -108.4
103, -106.9
104, -107.2
105, -106.3
106, -107.2
107, -108.1
108, -107.2
109, -109.0
110, -107.2
111, -106.6
112, -108.7
113, -107.8
114, -106.3
115, -109.0
116, -107.2
117, -106.3
118, -107.2
119, -104.2
120, -106.9
121, -106.9
122, -107.2
123, -107.2
124, -106.6
125, -107.2
126, -107.5
127, -106.9
128, -106.0
129, -106.6
130, -107.8
131, -106.6
132, -107.2
133, -106.3
134, -108.4
135, -106.6
136, -107.8
137, -108.7
138, -107.5
139, -108.4
140, -108.1
141, -106.6
142, -107.2
143, -106.6
144, -107.2
145, -107.2
146, -107.2
147, -107.2
148, -106.6
149, -106.6
150, -107.2
151, -108.4
152, -107.2
153, -107.5
154, -107.2
155, -106.0
156, -107.8
157, -107.2
158, -106.6
159, -107.2
160, -107.2
161, -107.2
162, -108.7
163, -103.3
164, -107.2
165, -107.2
166, -107.2
167, -106.3
168, -107.2
169, -106.9
170, -106.6
171, -107.5
172, -107.8
173, -107.2
174, -106.9
175, -107.2
176, -106.9
177, -108.1
178, -107.2
179, -106.9
180, -109.0
181, -107.8
182, -107.2
183, -107.2
184, -106.9
185, -106.3
186, -107.8
187, -107.2
188, -107.8
189, -107.2
190, -108.7
191, -105.7
192, -107.2
193, -106.9
194, -107.8
195, -107.2
196, -104.2
197, -106.6
198, -106.3
199, -106.9
200, -107.8
201, -106.9
202, -106.9
203, -106.6
204, -107.2
205, -107.2
206, -107.8
207, -107.5
208, -107.8
209, -107.2
210, -104.5
211, -106.9
212, -106.9
213, -107.8
214, -107.2
215, -107.2
216, -106.9
217, -107.2
218, -106.9
219, -107.2
220, -107.2
221, -107.2
222, -107.2
223, -106.9
224, -106.9
225, -106.6
226, -107.2
227, -107.5
