0, 38.5, 200
1, 31.6, 200
2, -119.9, 100
3, -86.1, 177
4, 34.0, 200
5, -110.7, 108
6, -82.6, 182
7, -110.35, 130
8, -110.1, 102
9, -103.9, 40
10, -103.8, 39
11, 25.6, 200
12, -99.3, 168
13, -87.4, 64
14, -111.1, 112
15, 25.75, 200
16, 18.85, 200
17, -104.8, 145
18, -82.6, 184
19, -106.5, 38
20, -83.3, 181
21, -97.4, 53
22, -86.0, 71
23, -97.85, 44
24, -103.9, 40
25, -97.6, 49
26, -88.5, 195
27, 22.6, 200
28, -93.4, 184
29, 18.55, 200
30, 20.95, 200
31, -82.4, 185
32, -110.9, 110
33, -111.3, 114
34, 22.6, 200
35, -111.5, 116
36, -112.0, 101
37, -108.05, 134
38, 21.25, 200
39, -97.85, 44
40, -111.7, 118
41, -97.65, 48
42, -98.25, 42
43, -84.4, 79
44, 15.4, 200
45, -101.3, 41
46, 27.85, 200
47, -93.8, 185
48, -109.2, 132
49, -103.9, 40
50, 19.0, 200
51, -97.5, 51
52, -86.2, 70
53, -110.5, 106
54, -111.4, 127
55, -103.9, 40
56, -110.5, 102
57, 36.85, 200
58, 19.3, 200
59, -103.8, 39
60, -104.6, 39
61, -111.5, 116
62, -84.6, 177
63, -112.2, 123
64, -97.65, 48
65, -97.55, 50
66, -112.5, 126
67, -97.65, 48
68, -103.7, 38
69, -113.2, 101
70, 25.6, 200
71, -103.9, 40
72, -102.4, 157
73, -87.4, 64
74, -97.55, 50
75, -102.35, 158
76, -105.45, 141
77, -97.7, 47
78, -112.1, 122
79, -105.1, 40
80, -97.45, 52
81, -97.55, 50
82, -111.6, 117
83, -83.2, 85
84, -102.9, 156
85, 26.65, 200
86, -106.4, 37
87, -83.2, 184
88, 25.15, 200
89, -105.2, 146
90, -110.4, 105
91, 29.8, 200
92, 30.1, 200
93, -105.0, 39
94, -104.5, 38
95, 27.85, 200
96, -90.9, 57
97, -97.55, 50
98, 25.75, 200
99, -110.7, 108
100, -97.7, 47
101, -87.4, 64
102, -104.2, 39
103, 19.15, 200
104, -111.2, 113
105, -108.2, 39
106, -85.2, 75
107, -110.6, 107
108, -111.5, 116
109, -86.8, 67
110, 25.9, 200
111, -115.8, 99
112, 22.0, 200
113, -111.3, 114
114, -97.85, 44
115, -111.3, 38
116, 25.75, 200
117, -110.8, 109
118, -83.6, 179
119, 20.8, 200
120, 22.6, 200
121, -85.2, 75
122, 21.55, 200
123, 37.6, 200
124, 28.9, 200
125, -111.3, 129
126, -97.75, 46
127, -84.4, 178
128, -110.4, 105
129, -115.9, 100
130, -103.9, 40
131, 37.0, 200
132, -84.8, 77
133, -111.3, 38
134, -112.2, 123
135, 26.8, 200
136, -86.6, 68
137, -105.55, 142
138, -112.3, 124
139, -112.4, 125
140, 22.9, 200
141, -103.8, 39
142, -115.9, 100
143, -105.4, 39
144, -86.6, 68
145, -103.9, 40
146, -110.5, 106
147, -86.0, 176
148, -110.55, 132
149, -110.0, 101
150, -112.4, 128
151, -104.2, 39
152, 17.5, 200
153, -82.8, 180
154, -97.65, 48
155, -112.1, 128
156, -110.0, 101
157, 26.05, 200
158, -110.4, 105
159, 23.05, 200
160, -103.9, 40
161, 31.9, 200
162, -86.6, 176
163, -99.65, 41
164, -89.55, 198
165, -111.4, 39
166, -88.8, 57
167, 20.35, 200
168, -115.4, 99
169, -112.1, 128
170, -103.65, 150
171, -98.55, 42
172, -111.8, 119
173, 23.65, 200
174, 17.5, 200
175, -87.0, 66
176, -97.85, 44
177, -86.8, 67
178, -105.0, 39
179, -83.0, 86
180, -89.55, 57
181, -86.8, 67
182, -85.4, 74
183, -111.5, 100
184, -111.0, 39
185, -96.4, 175
186, -112.1, 122
187, -110.5, 106
188, -104.0, 41
189, -88.2, 60
190, -106.5, 141
191, -104.35, 148
192, -73.45, 190
193, -107.5, 133
194, -112.3, 124
195, -87.0, 66
196, -83.2, 182
197, -103.8, 39
198, -111.9, 120
199, -110.9, 102
200, -86.2, 175
201, -103.15, 154
202, -110.75, 131
203, -97.4, 53
204, -85.0, 76
205, -75.75, 180
206, 21.4, 200
207, -97.6, 49
208, -86.4, 177
209, -111.6, 129
210, -97.35, 54
211, -111.6, 117
212, -111.4, 39
213, -112.0, 121
214, -103.65, 150
215, -82.8, 182
216, -82.6, 184
217, -82.6, 88
218, -111.1, 112
219, -105.05, 146
220, -83.0, 183
221, -103.35, 42
222, -87.8, 62
223, 25.45, 200
224, -106.65, 138
225, -94.95, 180
226, -96.5, 176
227, -85.7, 176
228, -112.3, 124
229, -100.75, 163
230, -114.3, 100
231, 34.9, 200
232, -83.0, 179
233, -104.3, 40
234, -102.75, 42
235, -104.0, 41
236, -97.8, 45
237, -97.75, 46
238, -103.7, 38
239, -106.3, 139
240, 17.95, 200
241, -84.4, 79
242, -88.6, 58
243, 19.3, 200
244, -86.2, 70
245, -111.6, 117
246, -112.0, 121
247, -107.25, 135
248, -100.9, 40
249, -97.4, 53
250, -103.9, 40
251, -97.85, 44
252, 24.25, 200
253, -103.9, 40
254, -104.35, 148
255, -97.65, 48
256, -97.85, 44
257, -87.6, 63
258, 26.65, 200
259, 25.75, 200
260, -101.45, 41
261, -75.3, 180
262, 17.05, 200
263, 25.9, 200
264, -110.6, 107
265, -103.9, 40
266, -110.5, 106
267, -89.35, 58
268, -111.3, 114
269, -116.6, 99
270, -110.9, 110
271, -86.0, 71
272, -85.7, 176
273, -86.4, 69
274, -103.9, 40
