0, -111.0, 129
1, -102.95, 155
2, 25.45, 200
0, -87.8, 62
1, -103.8, 39
2, -110.6, 107
3, -110.4, 105
4, -103.7, 38
5, 31.6, 200
6, -98.15, 170
7, -82.8, 87
8, -97.85, 44
9, 25.75, 200
10, -97.5, 51
11, 18.1, 200
12, -113.2, 101
13, -115.5, 100
14, -92.15, 56
15, -110.95, 130
16, -86.2, 70
17, -84.6, 78
18, -97.6, 49
19, -97.6, 49
20, -97.85, 44
21, -103.9, 40
22, -97.7, 47
23, -108.1, 38
24, -92.7, 57
25, 29.65, 200
26, -97.45, 52
27, -82.2, 185
28, -75.15, 177
29, -85.4, 74
30, 34.6, 200
31, -110.0, 101
32, -97.6, 49
33, -112.1, 122
34, -111.4, 39
35, -86.4, 69
36, -103.9, 40
37, -109.7, 38
38, -83.8, 82
39, -96.75, 174
40, -104.4, 150
41, -86.6, 176
42, -97.9, 43
43, -110.3, 104
44, -97.6, 49
45, -74.4, 186
46, -109.4, 39
47, -107.6, 37
48, -86.2, 175
49, -116.6, 99
50, -85.4, 74
51, -85.0, 178
52, -109.9, 100
53, -110.9, 110
54, -102.65, 155
55, -110.9, 110
56, -82.2, 185
57, 27.7, 200
58, -97.05, 54
59, -102.15, 159
60, 15.25, 200
61, -112.5, 126
62, -87.0, 66
63, -75.35, 179
64, 20.95, 200
65, -110.35, 130
66, -97.65, 48
67, -103.15, 157
68, -96.9, 54
69, -111.8, 99
70, -112.5, 126
71, -82.2, 90
72, -88.2, 60
73, -110.1, 102
74, -111.5, 116
75, -103.8, 39
76, 30.25, 200
77, 17.8, 200
78, -103.8, 39
79, -86.8, 67
80, -97.55, 50
81, -97.75, 46
0, 25.6, 200
1, -109.05, 132
2, -111.3, 38
3, 20.8, 200
4, 20.2, 200
5, -98.25, 171
6, -111.5, 116
7, -88.5, 195
8, -103.9, 40
9, -97.0, 55
10, -84.6, 177
11, 18.1, 200
12, -103.8, 39
13, -88.6, 58
14, -119.5, 100
15, -103.9, 40
16, -86.0, 71
17, -97.55, 50
18, 37.75, 200
19, -85.2, 75
20, -82.9, 182
21, -104.9, 38
22, -97.45, 52
23, -106.5, 38
24, -88.8, 57
25, -86.85, 198
26, -111.5, 116
27, -106.0, 139
28, -101.65, 160
29, -109.9, 100
30, -109.05, 132
31, -110.2, 103
32, -87.0, 66
33, -99.55, 43
34, -110.2, 103
35, 25.6, 200
36, -111.4, 115
37, -97.6, 49
38, 21.85, 200
39, -103.9, 40
40, -110.8, 109
41, -97.55, 50
42, -85.0, 76
43, 20.2, 200
44, -87.2, 65
45, -108.4, 37
46, 24.85, 200
47, -83.2, 184
48, -83.4, 180
49, 26.65, 200
50, -98.2, 172
51, -112.1, 122
52, -88.2, 60
53, -99.65, 41
54, -110.1, 102
55, -103.8, 39
56, -107.7, 38
57, -109.05, 132
58, 31.6, 200
59, 25.9, 200
60, -86.8, 67
61, -119.9, 100
62, -104.9, 38
63, -110.1, 102
64, -111.8, 119
65, -89.8, 58
66, -85.4, 74
67, -72.5, 194
68, -104.1, 38
69, -112.0, 121
70, -111.9, 100
71, -97.7, 47
72, -97.7, 47
73, -110.2, 103
74, -117.5, 100
75, -116.6, 99
76, -106.95, 138
77, 26.8, 200
78, -104.5, 38
79, -97.75, 46
80, -97.55, 50
81, -75.25, 178
82, -88.2, 60
83, 23.65, 200
84, -84.6, 78
85, -111.8, 99
86, 37.6, 200
87, 24.85, 200
88, -93.45, 57
89, -87.0, 66
90, -112.0, 101
91, -97.85, 44
92, -110.2, 103
93, -85.4, 74
94, -112.1, 122
95, -84.6, 78
96, -107.3, 38
97, -103.9, 40
98, -106.2, 39
99, 17.65, 200
100, -110.3, 104
101, -97.85, 44
102, -86.0, 71
103, 26.95, 200
104, -116.5, 98
105, -103.8, 39
106, -110.0, 101
107, -111.9, 120
108, 17.95, 200
109, -103.8, 39
110, 24.25, 200
111, -96.8, 176
112, -107.6, 37
113, -97.8, 45
114, -103.9, 40
115, -83.1, 180
116, -109.85, 131
117, 37.0, 200
118, -97.95, 42
119, -97.7, 47
120, -88.2, 60
121, -103.55, 152
122, -114.2, 99
123, -103.9, 40
124, -111.1, 112
125, -97.8, 45
126, -103.6, 37
127, -84.8, 77
128, -97.55, 50
129, -97.95, 42
130, -111.2, 37
131, 25.15, 200
132, -111.1, 112
133, -111.7, 118
134, -97.45, 52
135, 21.4, 200
136, -84.4, 178
137, -110.5, 106
0, -97.3, 55
1, 18.1, 200
2, -107.65, 136
3, -94.0, 184
4, 19.75, 200
5, -84.0, 81
6, 23.65, 200
7, -88.2, 60
8, 17.05, 200
9, -74.9, 176
10, -110.9, 110
