0, -97.5, 51
1, -97.9, 43
0, -103.9, 40
1, 16.9, 200
2, -84.8, 176
3, -84.2, 80
4, -97.6, 49
5, -110.2, 103
6, 28.3, 200
7, -112.0, 121
8, -107.35, 136
9, 23.65, 200
10, -110.9, 110
11, -110.3, 104
12, -90.65, 194
13, -84.8, 176
14, -111.0, 111
15, -111.8, 119
16, -85.8, 72
17, -85.8, 72
18, -104.25, 147
19, 25.9, 200
20, -105.8, 39
21, 26.35, 200
22, 33.1, 200
23, -102.0, 159
24, -82.8, 185
25, -83.6, 179
26, 17.5, 200
27, -110.5, 106
28, -117.0, 99
29, -106.55, 140
30, -82.6, 88
31, -104.0, 41
32, -83.6, 83
33, -97.8, 45
34, -111.9, 100
35, -97.8, 45
36, -87.0, 66
37, -108.1, 38
38, -84.4, 178
39, -97.45, 52
40, -105.7, 38
41, -105.3, 38
42, -110.9, 110
43, -103.8, 39
44, -105.55, 142
45, -91.25, 194
46, -110.4, 101
47, -97.7, 47
48, -97.9, 43
49, -111.5, 100
50, -107.0, 137
51, -110.5, 106
52, -97.5, 51
53, -97.8, 45
54, -111.6, 117
55, -110.3, 104
56, -88.2, 60
57, -97.95, 42
58, -86.3, 197
59, -103.9, 40
60, -110.7, 108
61, -110.3, 104
62, -103.7, 41
63, -103.7, 38
64, -83.1, 182
65, -97.45, 52
66, -96.0, 54
