0, -104.0, 41
1, -102.55, 157
2, -107.4, 39
3, 24.55, 200
4, -84.3, 180
5, -110.6, 107
6, -97.7, 47
7, -110.2, 103
8, 23.05, 200
9, -110.3, 104
10, 31.6, 200
11, -110.9, 110
12, -111.7, 118
13, 18.55, 200
14, -97.45, 52
15, 14.5, 200
16, -82.4, 89
17, -110.7, 108
18, -103.9, 40
19, -97.65, 48
20, -112.4, 101
21, -110.9, 110
22, -104.6, 149
23, 22.0, 200
24, 29.8, 200
25, -110.7, 100
26, -110.1, 102
27, -103.8, 39
28, 37.75, 200
29, -110.3, 104
30, -92.4, 57
31, -107.7, 38
32, -110.0, 101
33, -86.5, 178
34, 28.0, 200
35, -83.0, 181
36, -110.8, 109
37, -111.3, 38
38, -95.1, 180
39, -97.4, 53
40, -85.4, 74
41, -86.0, 71
42, -84.4, 178
43, -89.7, 57
44, -104.1, 38
45, -97.8, 45
46, -84.7, 178
47, -111.9, 120
48, -110.8, 37
49, 20.65, 200
50, 25.3, 200
51, 19.45, 200
52, -108.35, 134
53, -95.1, 180
54, 21.85, 200
55, -106.9, 139
56, -107.05, 139
57, -112.0, 121
58, -87.8, 62
59, -97.75, 46
60, -104.2, 39
61, -97.75, 46
62, -86.4, 69
63, -110.9, 110
64, -105.1, 145
65, -87.3, 198
66, 16.6, 200
67, -106.2, 39
68, -110.5, 106
69, 25.0, 200
70, -105.0, 39
71, -87.6, 63
72, -87.0, 66
73, -97.8, 45
74, -85.2, 75
75, -89.5, 58
76, -97.65, 48
77, -74.4, 186
78, -110.35, 130
79, -87.8, 62
80, -110.2, 103
81, -105.05, 146
82, -88.8, 57
83, 20.8, 200
84, -87.8, 62
85, 26.05, 200
86, -105.7, 38
87, -97.45, 52
88, -110.4, 105
89, -82.6, 186
90, 33.7, 200
91, -112.5, 126
92, -103.25, 41
93, -110.7, 108
94, -97.7, 47
95, -86.6, 68
96, 25.75, 200
97, -110.4, 105
98, 18.25, 200
99, -110.65, 130
100, -91.05, 195
101, -97.6, 49
102, -103.9, 40
103, -74.8, 178
104, -97.6, 49
105, -110.0, 101
106, -103.8, 39
107, -110.0, 131
108, 24.7, 200
109, -110.5, 106
110, 23.2, 200
111, -91.2, 195
112, -103.25, 41
113, -102.5, 41
114, -98.35, 43
115, -97.8, 45
116, 25.3, 200
117, -97.75, 46
118, 37.0, 200
119, 21.25, 200
120, 18.85, 200
121, -106.2, 39
122, -86.4, 69
123, -84.4, 178
124, -103.9, 40
125, -98.55, 42
126, -97.45, 52
127, -98.15, 41
128, -87.4, 64
129, -103.9, 40
130, -97.55, 50
131, 25.3, 200
132, -97.7, 47
133, -85.4, 176
134, -111.6, 129
135, 26.5, 200
136, -84.2, 80
137, -110.35, 130
138, -96.9, 54
139, -111.0, 111
140, -96.9, 54
141, -110.4, 105
142, -111.1, 112
143, -105.8, 143
144, -83.2, 181
145, 37.6, 200
146, 19.15, 200
147, -100.85, 164
148, 25.6, 200
149, -108.0, 135
150, -85.4, 74
151, 25.45, 200
152, -96.7, 175
153, -97.35, 54
154, -110.6, 107
155, -111.1, 112
156, -96.8, 56
157, -105.55, 142
158, 21.55, 200
159, -103.6, 40
160, -111.5, 100
161, -90.9, 195
162, -82.8, 180
163, -84.0, 81
164, -86.6, 68
165, 21.55, 200
166, -82.8, 180
167, -103.8, 39
168, -75.0, 177
169, -91.05, 57
170, -112.0, 121
171, -97.9, 43
172, -97.75, 46
173, -85.6, 73
174, -105.3, 38
175, -110.4, 105
176, -97.8, 45
177, -98.1, 171
178, -110.5, 106
179, -86.2, 70
180, -103.85, 41
181, 17.95, 200
182, 35.35, 200
183, -105.55, 142
184, -97.95, 42
185, -110.7, 108
186, -110.1, 102
187, -97.85, 44
188, -97.45, 52
189, -105.8, 39
190, -110.6, 107
191, 32.8, 200
192, -97.8, 45
193, -97.8, 45
194, -97.7, 47
195, -102.5, 41
196, -103.4, 41
197, -111.3, 38
198, -114.2, 99
199, -98.1, 171
200, 22.15, 200
201, -97.5, 51
202, 20.2, 200
203, -97.65, 48
204, -110.35, 130
205, -110.4, 105
206, -110.2, 103
207, -101.9, 161
208, -109.45, 133
209, 32.8, 200
210, 25.75, 200
211, -104.0, 41
212, 25.75, 200
213, -97.5, 51
214, 17.65, 200
215, -111.9, 120
216, -111.0, 111
217, 24.25, 200
218, -119.8, 99
219, 22.6, 200
220, -104.7, 40
221, 35.2, 200
222, -91.25, 194
223, -85.3, 199
224, -110.5, 106
225, -97.35, 54
226, -103.8, 39
227, -84.2, 80
228, -84.0, 81
229, -97.95, 42
230, -110.2, 103
231, -109.8, 39
232, -111.9, 100
233, -89.6, 56
234, -109.7, 38
235, -97.45, 52
236, -94.0, 184
237, -106.8, 138
238, 37.6, 200
239, -104.45, 149
240, -83.6, 83
241, -97.3, 55
242, 34.45, 200
243, -86.6, 68
244, 36.7, 200
245, -98.2, 43
246, -110.0, 101
247, -105.3, 38
248, -88.4, 59
249, -110.3, 104
250, -92.6, 188
251, -97.7, 47
252, -83.8, 178
253, -97.65, 48
254, -97.65, 48
255, -97.8, 45
256, -98.9, 167
257, -97.55, 50
258, -101.1, 165
259, -116.7, 100
260, -103.55, 152
261, -83.0, 179
262, -113.1, 100
263, 29.95, 200
264, -75.3, 177
265, -88.6, 58
266, -104.1, 38
267, -104.0, 41
268, -97.75, 46
269, 26.5, 200
270, 22.6, 200
271, -112.0, 121
272, -87.8, 62
273, -119.9, 100
274, -105.05, 146
275, 23.65, 200
276, -103.8, 39
277, -110.0, 101
278, -92.35, 190
279, -97.35, 54
280, -96.7, 55
281, -103.8, 39
282, -83.5, 184
283, -103.9, 40
284, -103.9, 40
285, -96.9, 54
286, -82.9, 181
287, -86.6, 68
288, -119.5, 100
289, -95.2, 55
290, -102.5, 41
291, -111.7, 118
292, -90.2, 194
293, -83.8, 82
294, -107.7, 135
295, -92.6, 188
296, -103.7, 38
297, -110.7, 108
298, -110.2, 103
299, -101.8, 40
300, -119.9, 100
301, -104.85, 144
302, 18.55, 200
303, 30.25, 200
304, -110.1, 102
305, -103.9, 40
306, -96.9, 54
307, -97.4, 53
